106 401 261
787 203 627
305 595 779
834 615 78
137 159 119
170 560 361
806 353 113
627 926 447
491 122 881
43 816 738
896 274 140
509 62 695
137 719 642
268 553 257
346 42 768
817 212 328
179 18 34
644 645 960
443 488 434
324 883 602
415 779 877
907 289 939
954 426 658
597 46 563
206 393 605
975 210 169
655 741 187
41 385 184
353 180 24
788 505 907
390 272 39
619 179 328
910 485 106
568 82 152
483 641 897
440 968 460
609 975 201
148 17 939
332 370 471
708 510 976
616 253 600
655 872 131
335 783 617
793 703 51
945 187 692
195 627 12
655 589 988
208 737 5
499 422 727
971 130 238
299 746 491
900 753 363
383 440 498
0 233 202
52 531 741
96 726 720
109 733 661
449 941 399
454 793 821
533 116 951
771 415 50
262 667 803
978 51 244
828 51 477
382 455 360
475 904 86
548 13 819
209 462 113
608 268 258
429 801 374
381 925 789
783 539 809
586 869 860
182 698 263
12 432 71
372 908 975
811 456 340
982 665 802
95 626 422
705 55 575
79 788 852
221 571 392
30 510 261
242 692 311
505 56 744
928 429 4
903 240 460
243 574 477
397 670 103
171 375 511
99 807 299
951 28 223
343 58 733
957 300 777
620 157 834
716 86 615
720 341 207
532 937 781
362 686 803
465 210 179
328 309 338
628 260 366
203 956 424
936 265 76
713 885 233
899 954 671
514 674 365
721 559 654
503 921 340
306 738 902
837 67 211
175 47 824
541 250 132
317 538 397
393 603 634
979 503 588
2 17 615
719 91 174
373 946 95
66 252 833
968 442 252
180 969 299
356 511 549
488 180 87
237 926 691
223 905 546
812 259 915
779 979 6
953 352 952
400 770 557
585 739 999
838 271 968
137 627 831
39 467 12
478 704 290
521 279 195
67 443 806
983 222 785
341 175 490
294 927 260
851 513 351
202 351 622
522 840 601
354 231 420
718 710 476
8 231 756
555 651 199
713 634 422
499 975 949
341 621 877
953 824 742
305 26 445
279 901 285
233 607 869
653 325 579
130 685 162
886 592 813
437 657 447
859 156 775
161 849 396
390 803 573
484 108 599
929 739 852
566 972 459
435 626 136
14 108 173
529 346 765
342 783 423
142 995 931
917 508 133
665 898 936
238 382 396
190 663 135
42 229 460
502 17 86
638 383 194
812 912 892
929 255 675
704 397 22
988 666 530
121 331 428
409 570 162
157 112 825
644 154 407
104 8 424
190 999 807
736 163 720
628 444 327
656 501 724
678 489 390
209 962 73
989 723 995
504 880 107
681 524 614
88 981 974
864 523 325
672 612 488
744 592 285
71 248 786
147 927 627
537 488 941
962 829 664
958 333 896
417 15 772
31 103 753
358 968 629
683 992 241
524 88 833
809 159 82
947 306 361
574 195 201
867 509 30
531 467 364
779 885 379
903 268 834
9 626 154
638 662 498
879 186 586
64 995 97
498 942 755
211 868 302
412 735 812
795 618 279
159 397 516
890 300 137
76 661 763
231 299 425
729 530 611
668 595 958
765 445 252
521 657 120
823 421 855
635 216 473
267 375 222
135 617 875
272 694 536
36 277 188
813 358 718
777 26 665
87 144 463
340 17 120
460 840 541
316 828 758
141 447 485
716 582 455
591 207 149
479 595 778
667 408 136
738 537 515
755 625 659
218 965 676
338 777 868
232 445 48
990 587 847
827 655 782
282 246 989
783 725 584
561 393 344
50 483 234
917 238 859
576 457 176
604 795 953
824 27 751
225 369 690
424 549 345
206 831 591
547 967 668
131 880 413
828 930 896
62 847 135
921 775 944
449 731 739
754 908 119
505 133 840
547 557 389
892 116 221
835 663 540
504 147 420
917 975 703
166 37 902
653 310 678
597 111 761
336 865 669
807 723 154
648 270 64
37 515 180
610 350 195
150 854 342
571 124 669
274 290 58
528 943 368
206 540 831
320 228 49
989 36 124
496 36 746
560 73 261
92 36 612
639 186 818
982 109 942
3 735 584
62 264 879
782 822 419
614 142 0
15 484 388
139 980 424
885 892 849
147 984 885
111 623 424
929 957 533
872 961 621
808 375 885
688 157 59
459 123 202
459 138 686
847 277 18
623 515 910
825 662 894
710 773 869
486 702 179
372 926 140
993 87 515
230 775 24
289 234 148
491 46 638
529 245 268
547 869 783
457 694 445
703 756 570
925 595 624
104 967 903
596 960 990
463 542 765
487 831 351
987 675 397
626 204 643
894 104 864
29 913 910
474 969 18
396 894 613
20 998 580
275 946 892
265 409 434
382 896 618
734 236 293
483 862 849
478 108 305
694 137 219
604 963 540
975 359 434
588 731 784
521 7 730
765 624 139
552 7 387
170 741 623
815 576 837
16 55 297
322 101 786
893 58 749
433 33 460
219 973 544
355 846 551
437 612 175
928 516 182
315 686 275
291 853 204
480 221 611
778 895 712
564 140 770
666 925 803
478 144 129
22 851 975
573 288 587
101 216 455
635 532 493
263 175 346
467 655 920
78 785 815
142 702 956
913 368 881
68 846 378
197 869 229
173 794 518
112 247 86
568 235 970
61 498 145
760 317 153
680 747 938
495 889 640
803 802 360
37 871 559
415 68 780
996 593 926
866 706 174
953 274 409
923 687 259
421 447 576
574 127 675
864 975 564
857 130 719
569 167 590
128 934 10
260 931 604
187 797 662
713 102 936
474 378 975
733 799 423
661 725 902
336 589 229
252 446 360
971 368 527
913 496 462
924 757 745
880 296 894
542 9 997
830 835 375
805 920 174
580 581 251
483 269 840
712 521 639
72 845 7
952 758 855
766 682 964
511 914 260
405 456 621
754 286 456
129 444 376
655 24 309
906 507 930
99 572 804
738 996 649
97 948 407
952 714 442
269 577 356
881 335 813
503 89 451
311 571 895
40 578 920
349 837 779
632 936 703
436 26 700
85 123 0
492 427 67
934 48 644
643 930 979
456 433 421
259 96 992
155 136 922
427 838 759
558 470 695
262 906 73
314 343 548
314 187 976
381 474 24
26 117 306
357 925 739
130 184 836
122 691 324
45 470 162
156 29 984
852 643 242
925 957 585
474 271 125
802 653 599
178 31 716
485 740 641
576 871 177
764 345 869
89 742 691
603 899 720
588 751 715
830 28 672
768 854 296
893 8 301
492 539 684
560 24 424
553 952 647
730 717 993
951 158 735
643 761 986
715 349 737
431 532 118
455 652 324
103 897 333
756 741 872
440 301 248
217 206 200
216 288 269
561 240 427
297 235 189
283 302 890
373 733 774
843 541 778
167 996 675
852 753 416
76 545 69
324 114 275
877 331 564
146 892 156
574 541 743
763 177 45
5 902 131
780 745 672
558 264 20
586 117 125
2 193 671
424 870 785
51 747 116
967 893 361
123 467 902
866 582 79
912 940 981
43 72 78
67 630 695
439 568 812
565 923 357
236 347 579
373 750 326
490 718 572
203 193 391
105 412 974
537 324 266
518 719 338
949 138 320
644 577 889
808 142 812
517 730 511
97 104 261
775 946 979
347 149 173
739 254 937
65 791 261
331 662 332
669 963 822
989 607 751
878 767 894
42 284 976
553 381 80
167 509 378
498 856 527
23 595 134
960 660 925
573 343 939
905 12 254
79 354 861
831 584 628
77 627 265
53 532 998
486 51 507
864 550 364
392 573 311
526 534 324
803 459 667
95 717 32
349 796 386
563 627 322
543 56 949
808 462 834
159 948 885
666 164 787
382 908 361
46 786 247
722 590 706
741 37 423
773 738 572
511 301 551
834 197 608
135 357 70
969 516 370
207 535 534
994 269 443
707 667 229
306 389 171
13 131 560
788 256 299
360 768 952
264 954 149
872 89 859
294 411 375
664 618 262
550 964 532
993 672 551
575 978 941
98 343 72
659 484 680
310 196 448
262 460 402
764 684 844
623 978 255
350 994 225
613 545 541
497 890 213
48 817 544
989 916 239
413 927 723
446 237 272
894 851 732
649 615 769
845 590 747
100 941 94
677 906 991
218 755 233
784 803 403
328 145 319
919 910 246
995 356 835
267 603 686
999 604 654
768 449 596
868 901 889
314 578 147
657 796 902
890 932 706
293 612 203
964 532 113
562 527 822
397 794 425
436 145 29
442 266 478
38 486 379
280 800 309
427 457 457
330 699 390
388 345 2
591 309 886
704 872 413
526 621 559
303 409 57
332 851 323
162 242 809
893 874 961
554 301 770
12 983 469
754 371 166
108 962 476
995 19 700
760 545 321
320 201 731
729 533 934
52 48 528
213 293 402
526 848 704
296 860 687
117 966 411
284 74 373
112 69 392
812 830 290
133 502 491
216 231 376
503 635 776
31 848 70
434 726 918
490 374 130
529 491 96
940 127 170
666 239 240
58 51 422
700 537 276
191 105 507
920 608 142
696 992 342
766 778 68
684 620 442
814 149 285
262 442 765
433 460 356
25 518 760
447 571 297
723 762 754
582 34 715
76 731 707
418 497 485
838 534 105
632 700 606
269 963 400
34 396 860
391 421 731
151 220 302
800 295 416
906 877 451
621 953 534
328 723 31
165 913 917
622 897 618
581 166 581
981 553 977
194 296 750
277 447 322
931 599 617
699 505 846
502 479 799
36 807 874
420 325 787
337 947 36
955 880 202
536 862 755
865 408 403
967 37 850
289 320 801
258 19 659
104 522 138
903 910 297
129 330 622
268 668 922
304 975 802
859 864 16
966 81 424
370 49 813
572 690 133
374 949 153
33 53 27
171 309 937
468 790 620
443 59 640
365 715 615
167 574 831
184 541 913
960 263 314
126 835 4
259 561 305
764 594 359
791 117 668
81 938 810
701 733 869
341 98 585
308 617 511
140 153 404
405 114 667
719 240 503
75 851 64
381 616 11
740 407 480
760 488 770
570 541 503
792 234 953
729 543 571
240 35 76
645 440 190
664 511 782
519 586 986
936 319 602
299 411 361
779 171 202
902 94 743
405 238 978
711 967 873
282 207 908
358 204 700
901 221 563
35 740 501
373 676 821
975 975 232
689 107 756
891 9 202
986 766 440
964 477 759
189 111 318
449 822 523
501 75 96
64 462 836
918 836 865
739 163 192
323 852 651
431 743 660
985 730 779
425 46 256
536 236 720
855 37 542
730 539 969
826 955 431
14 873 267
231 964 783
424 640 635
75 71 379
88 409 461
219 186 507
827 723 95
547 578 133
441 308 24
410 134 979
194 500 205
813 732 169
596 508 809
232 935 233
963 23 642
424 594 828
283 422 903
731 969 481
864 763 789
240 173 275
219 367 776
776 181 860
946 777 368
107 361 303
692 324 679
686 100 273
867 384 695
770 115 17
252 331 780
393 571 953
21 142 673
149 919 854
9 217 983
377 324 345
680 369 21
711 55 122
985 922 858
32 693 973
49 297 656
829 690 579
135 63 721
808 212 992
14 573 561
349 950 238
694 983 607
68 694 662
190 31 937
48 64 630
373 113 279
381 295 321
960 430 385
33 590 597
26 956 171
939 305 473
177 352 808
784 420 855
799 962 886
736 362 302
366 87 416
997 468 63
318 780 845
703 813 435
653 191 743
176 131 400
649 308 752
810 93 524
665 244 838
551 980 552
854 698 991
622 695 459
685 13 591
882 717 405
669 722 948
412 898 79
812 899 740
917 709 185
793 374 429
984 278 409
536 484 107
528 106 802
339 143 167
931 25 236
688 46 958
636 458 856
68 622 756
160 891 465
345 685 192
774 21 470
535 557 954
994 437 412
148 129 907
315 60 932
552 100 330
862 88 788
71 156 762
179 316 654
644 13 691
836 139 712
658 674 621
612 20 59
24 168 188
931 484 600
215 388 700
897 602 788
685 673 297
800 852 613
454 849 627
497 37 118
209 696 793
830 660 813
241 37 334
429 320 170
29 536 910
81 433 512
870 471 538
519 623 390
132 77 591
111 574 629
582 135 677
375 965 337
540 207 374
874 988 695
44 370 583
954 451 368
819 673 191
357 192 814
99 677 243
691 140 169
672 722 304
349 449 622
38 342 181
765 216 169
460 613 539
395 919 343
115 738 368
659 447 561
473 547 590
69 590 82
238 262 157
895 963 606
517 1 948
698 766 517
219 578 482
759 325 753
454 441 844
822 100 291
735 925 190
677 346 780
760 585 394
917 480 357
523 349 359
824 47 125
693 266 56
175 377 381
928 183 174
772 6 274
416 741 552
606 419 898
739 531 835
133 448 667
491 323 16
202 147 415
679 192 682
735 367 411
117 648 595
291 772 953
918 540 46
822 147 465
72 238 348
908 371 796
575 862 472
592 416 971
7 96 164
41 831 883
805 300 883
752 944 656
705 862 196
751 36 695
569 108 933
917 16 657
66 944 519
538 536 288
509 895 384
25 289 567
909 446 868
792 550 812
800 255 26
997 358 62
44 279 170
330 549 539
987 967 483
858 505 371
146 366 618
530 392 259
98 301 57
966 445 607
130 246 214
156 595 573
570 639 204
92 969 753
631 956 720
466 815 577
837 313 296
456 844 40
67 942 693
125 260 138
732 742 384
947 250 331
872 820 971
76 264 292
182 248 601
254 714 768
184 552 81
480 360 277
520 779 571
213 904 831
351 637 925
88 936 175
419 808 347
742 236 964
387 418 212
340 673 926
108 857 830
541 689 190
819 209 970
390 774 226
574 477 215
499 565 151
27 337 959
374 431 196
338 170 966
550 510 639
829 618 848
659 160 537
850 979 746
172 721 872
398 295 350
966 795 267
117 822 956
429 548 388
977 239 558
943 141 421
935 970 39
783 630 551
673 832 882
771 356 604
644 106 899
994 72 46
261 190 220
218 971 769
958 948 360
868 243 501
289 178 472
681 314 454
232 987 286
467 758 994
423 402 100
674 748 173
721 362 715
293 580 686
62 890 634
774 758 877
276 48 408
100 729 722
554 313 61
192 132 819
186 555 574
286 230 674
811 303 36
526 596 616
212 11 506
198 785 617
428 413 665
836 513 746
910 419 59
971 611 192
142 149 99
716 788 329
391 599 984
427 478 933
396 42 296
254 593 433
871 21 847
888 209 712
634 119 132
46 90 743
590 232 245
689 301 33
371 692 984
355 471 462
640 219 857
936 826 450
370 49 471
569 938 680
281 924 799
413 322 241
509 912 473
754 954 126
139 325 818
123 32 642
586 673 213
795 961 39
245 331 441
716 252 731
748 534 655
899 947 330
140 808 242
965 914 548
92 53 873
262 529 258
256 467 931
470 262 892
861 507 576
302 575 828
385 323 362
41 222 662
723 714 822
317 679 89
866 123 142
739 386 671
997 642 138
280 464 752
525 678 259
453 332 834
281 718 157
996 111 731
10 834 445
184 151 477
273 17 600
416 109 338
439 458 333
930 91 149
682 616 827
294 69 160
128 702 230
638 698 341
369 60 527
167 245 30
996 870 48
596 638 509
287 78 319
620 360 410
769 394 26
949 688 447
461 817 150
691 807 200
384 528 613
911 695 858
941 43 728
341 992 367
202 279 797
522 251 509
932 20 903
311 321 592
758 782 761
260 473 920
461 857 448
74 120 496
284 414 539
364 755 531
83 310 810
232 832 61
741 116 434
645 779 755
589 538 538
702 150 363
622 963 573
422 37 693
918 673 107
458 390 215
989 473 525
152 706 709
213 447 177
999 444 957
755 385 495
645 439 997
8 61 961
581 484 350
627 754 376
734 212 766
301 202 239
178 706 297
887 919 97
65 919 893
22 26 279
869 671 718
218 31 132
179 613 968
882 240 722
258 326 935
24 980 489
615 158 195
913 398 466
362 815 737
255 189 763
886 410 786
605 628 170
89 160 783
57 42 375
779 652 53
66 676 33
907 643 544
454 556 942
921 270 109
10 526 298
126 412 60
912 369 40
434 458 200
217 867 594
944 999 246
350 417 274
383 325 918
279 779 826
573 52 97
682 63 975
332 189 387
744 453 109
785 888 919
337 457 787
284 754 786
530 104 555
157 839 880
75 119 12
253 692 64
350 727 479
325 59 668
65 156 474
526 941 362
445 278 819
584 562 925
722 445 29
278 954 869
158 29 988
170 634 32
587 985 759
66 662 171
87 79 327
561 605 620
923 51 898
94 635 813
20 710 610
401 988 564
270 146 945
610 669 579
643 608 564
754 674 579
925 761 658
604 322 616
224 597 667
475 692 654
288 64 364
250 465 704
814 736 851
759 698 872
690 693 480
607 448 506
186 725 268
196 330 942
812 906 540
831 381 584
838 21 648
202 271 113
259 437 201
110 548 252
334 239 945
166 846 393
672 384 119
940 580 801
883 393 707
423 224 441
359 62 462
7 617 734
472 876 523
26 338 72
278 24 663
575 190 509
969 862 245
440 155 825
593 38 570
652 813 147
93 172 561
556 531 530
642 355 758
165 381 448
589 11 472
252 587 662
113 556 877
358 348 32
536 941 422
106 593 587
605 687 111
167 595 642
697 237 997
808 754 731
256 696 742
729 948 329
743 414 237
620 772 937
4 660 230
778 767 176
365 372 215
476 891 810
470 941 399
820 749 505
551 5 201
645 86 150
975 830 916
564 802 688
854 159 701
84 937 468
260 303 192
475 131 436
637 954 377
388 774 126
894 325 483
95 970 570
597 297 752
513 214 906
554 68 65
255 504 3
75 117 658
619 944 141
55 582 95
432 322 869
910 216 546
746 664 869
316 261 518
420 127 732
326 33 152
744 288 9
747 715 126
757 334 70
250 390 4
346 174 327
567 437 543
114 183 207
983 851 821
853 623 948
586 949 981
90 693 621
99 792 688
225 901 22
648 152 764
652 498 291
979 65 728
875 531 263
82 866 466
255 720 89
203 658 390
536 748 84
509 200 228
197 777 130
572 425 634
336 430 484
627 409 901
707 284 433
322 719 299
788 974 371
877 530 29
268 418 130
704 928 682
284 477 459
766 49 237
400 386 667
884 365 428
138 425 713
571 747 432
222 888 758
594 117 288
975 737 707
105 441 987
787 78 464
599 844 514
836 597 252
855 481 617
283 971 394
348 542 142
780 117 30
891 63 147
179 38 237
238 496 678
225 635 108
690 234 953
556 422 550
808 277 383
777 913 355
172 261 249
666 394 366
48 285 781
547 816 820
784 55 316
815 280 951
923 322 538
876 878 960
778 38 590
162 816 855
869 340 116
118 6 510
837 406 147
618 953 964
438 738 19
106 553 651
410 476 326
948 705 556
260 483 595
202 997 763
57 866 455
174 337 813
36 174 219
184 792 172
500 583 910
871 41 815
874 803 644
200 751 701
757 364 536
704 566 534
467 976 752
922 502 89
735 538 263
954 74 408
478 926 343
741 797 736
556 672 540
552 224 643
253 981 7
790 37 926
324 504 254
76 778 756
166 865 646
781 819 73
541 650 999
884 391 149
621 947 173
513 852 397
156 105 731
164 895 768
442 571 273
696 0 403
804 518 269
450 299 440
875 841 90
875 77 833
376 50 133
549 563 985
946 720 90
29 236 338
798 30 909
423 78 261
826 882 779
447 684 79
240 560 272
330 787 701
164 163 752
297 64 315
634 362 387
724 392 975
414 542 5
324 965 83
585 143 965
365 943 2
796 183 562
420 513 701
121 29 216
225 678 280
541 664 642
280 389 386
256 803 928
613 479 245
697 417 741
14 134 684
16 282 867
930 702 732
631 175 114
199 401 144
479 294 809
474 574 550
212 182 353
141 796 185
738 845 602
479 211 88
163 580 370
382 510 424
115 494 599
229 45 0
373 525 294
534 351 221
84 563 403
790 56 551
975 147 396
929 626 608
369 142 540
739 524 402
163 639 248
762 220 294
115 946 171
409 480 522
630 565 437
386 355 846
937 682 993
686 963 619
294 332 761
186 71 286
588 586 277
837 700 498
131 815 796
654 577 628
176 559 193
613 945 900
459 883 934
804 569 897
424 215 581
537 753 4
175 341 590
453 530 643
303 661 810
99 315 387
727 843 947
273 809 244
525 620 479
812 425 48
709 201 615
291 738 368
295 914 62
238 367 592
881 22 606
691 473 273
431 552 117
730 177 278
974 703 898
454 515 675
854 576 876
822 219 615
190 867 529
604 457 248
197 338 270
803 381 95
76 164 647
545 894 825
823 869 880
74 675 747
749 529 675
626 351 895
241 894 114
122 850 571
722 47 261
992 202 994
439 631 159
86 176 53
263 352 274
495 426 301
242 527 183
918 153 886
165 746 780
631 220 983
554 942 30
815 286 585
809 725 216
320 812 744
726 427 96
352 923 522
654 165 50
837 435 555
723 952 654
856 935 874
839 489 817
221 304 103
806 466 181
22 138 345
767 864 772
215 217 695
90 223 213
492 60 0
47 135 305
53 343 240
928 182 730
97 756 386
552 562 204
733 937 343
78 56 559
203 623 128
898 713 351
463 205 763
816 605 899
121 658 242
361 938 777
443 35 533
830 940 447
386 673 736
81 104 144
641 307 768
769 557 481
121 373 39
236 189 644
135 310 302
730 23 241
859 467 628
744 649 568
191 387 594
280 469 50
424 110 357
544 231 266
378 352 991
417 941 180
413 76 842
67 158 866
308 17 685
289 113 334
209 305 721
803 937 542
853 713 652
562 258 884
181 988 588
172 405 529
705 818 958
547 885 468
413 546 838
450 187 951
784 396 256
858 552 545
400 405 259
405 320 869
641 853 209
229 25 614
111 730 784
69 630 21
537 43 919
375 846 458
327 982 855
935 840 407
833 593 164
444 350 836
313 991 689
874 572 715
488 683 797
624 104 427
997 994 823
917 369 669
375 48 651
582 336 844
341 169 789
506 965 491
342 278 834
384 504 406
99 992 90
248 968 546
28 965 540
203 234 910
872 962 310
875 896 998
71 238 519
212 96 484
703 790 114
537 174 618
296 625 610
386 874 930
284 254 248
825 457 834
87 681 796
397 908 45
396 980 283
915 544 379
752 248 521
866 137 696
485 433 321
447 171 547
378 456 153
626 281 610
812 368 291
961 117 200
6 865 532
641 133 76
20 885 676
893 751 814
589 236 599
263 684 123
162 414 579
316 392 212
278 204 932
922 165 49
474 171 267
6 812 400
434 184 637
111 78 388
277 19 977
876 634 13
999 797 427
930 465 819
142 743 375
426 17 541
828 491 64
95 497 229
847 284 413
484 395 843
224 672 215
553 900 849
566 252 998
345 182 463
164 677 559
540 455 576
433 283 68
497 378 917
726 577 201
492 61 948
687 638 972
902 191 873
104 110 125
102 455 659
566 620 688
125 512 144
53 297 427
121 794 158
391 873 735
592 717 149
541 404 787
865 659 330
738 763 440
215 865 896
227 783 868
915 908 732
411 314 29
191 435 175
349 826 400
436 771 117
585 664 874
724 529 885
55 620 648
495 835 865
743 414 649
611 330 909
695 93 223
76 284 11
252 633 189
652 70 312
122 7 976
348 732 858
233 787 830
233 634 665
98 378 432
99 341 762
361 37 207
584 113 492
947 717 477
137 722 899
801 196 907
130 544 639
988 777 778
170 10 412
187 460 142
619 560 484
733 273 873
941 209 338
433 157 56
910 646 130
810 447 326
69 577 870
708 917 999
838 87 9
250 275 821
393 246 733
229 980 6
102 921 216
440 354 725
848 616 371
978 778 170
304 847 100
526 907 17
525 745 457
886 348 84
708 741 330
793 322 310
800 424 231
368 216 937
93 65 906
816 395 684
986 52 884
86 930 791
456 456 889
265 694 237
349 754 330
31 548 652
694 700 428
925 68 644
215 513 61
121 329 809
157 667 861
41 754 143
185 210 599
74 827 294
663 176 48
345 207 948
349 901 648
777 179 68
773 746 933
835 219 262
644 376 930
857 770 36
0 955 598
952 381 425
598 44 953
998 741 512
947 90 766
947 867 297
16 640 43
949 827 614
564 823 990
846 32 112
882 33 67
832 337 448
257 935 844
562 933 937
74 232 27
840 180 246
137 196 239
532 497 418
146 413 242
489 259 274
601 493 659
669 677 996
469 934 283
666 848 217
955 923 449
983 763 629
581 253 177
820 785 27
239 932 440
833 773 52
107 374 897
119 395 575
115 217 861
399 235 710
968 190 633
769 173 748
399 107 1
928 927 139
307 518 423
100 703 196
152 811 570
49 282 318
624 397 535
486 148 770
548 468 960
181 238 486
281 989 593
283 917 872
774 577 743
197 677 446
393 181 609
315 582 891
633 207 641
168 45 141
290 945 610
251 126 848
89 407 837
34 42 106
906 816 683
1 13 712
800 758 893
409 74 476
653 59 35
294 580 432
787 870 377
397 473 855
245 914 262
434 948 657
541 207 825
224 208 191
937 8 949
182 770 375
658 423 787
693 69 367
477 856 589
854 606 63
709 851 329
324 286 278
981 179 485
806 755 45
349 44 406
299 227 528
26 237 303
813 931 724
532 408 580
122 615 538
537 324 390
866 648 28
144 981 559
981 788 314
379 137 359
137 788 938
665 167 175
968 980 458
692 513 219
624 987 834
163 524 158
905 390 159
285 535 140
844 868 280
510 247 418
221 384 558
159 401 725
335 369 58
793 413 923
12 38 910
846 553 434
357 810 824
516 95 711
656 291 580
937 801 179
707 23 564
617 182 317
343 869 687
753 663 452
676 27 842
938 226 395
372 583 205
548 451 652
260 107 943
840 396 745
371 103 120
287 721 654
605 416 524
644 169 539
96 197 918
939 135 144
334 859 79
892 407 530
544 667 990
488 859 386
585 231 842
57 518 915
711 475 331
587 119 852
478 216 401
397 155 888
893 841 747
973 733 506
855 630 174
197 118 385
936 55 968
778 112 839
693 175 314
376 115 434
580 593 650
981 342 157
221 236 350
968 561 84
474 768 66
0 966 184
738 902 591
706 32 55
545 77 230
212 453 345
646 385 291
648 718 633
157 939 869
507 259 782
943 85 551
9 86 869
545 824 123
136 882 155
191 780 232
774 992 37
471 638 422
762 638 140
396 795 431
617 302 690
400 598 775
303 607 213
172 153 389
295 289 272
802 833 52
34 607 44
423 78 34
845 193 672
337 941 819
768 558 473
458 310 71
233 965 679
799 137 184
188 784 825
460 586 658
864 972 617
260 395 48
294 592 241
318 929 182
137 697 92
963 507 755
34 93 720
65 892 210
249 80 994
75 893 933
85 109 257
703 370 5
103 16 597
696 687 527
230 176 576
322 139 436
429 174 529
150 239 421
360 489 853
706 916 98
991 1 208
249 56 930
254 159 298
851 207 985
730 437 162
659 112 301
95 541 827
624 691 419
397 403 908
250 110 176
701 453 177
909 702 586
839 308 97
489 512 305
475 242 94
637 253 206
290 348 100
470 324 143
889 73 547
149 324 9
325 377 462
854 286 517
792 477 825
890 966 337
547 793 932
641 430 185
848 73 886
300 543 210
443 784 284
990 933 960
351 258 337
814 464 975
683 257 804
508 147 770
846 694 564
130 335 346
315 535 771
553 835 666
764 279 450
400 621 383
712 325 993
401 139 458
728 174 67
532 682 566
654 880 260
570 10 947
269 678 835
40 231 22
59 347 653
861 99 627
245 811 952
590 564 443
400 292 617
467 176 299
33 831 532
645 401 542
945 670 572
132 63 156
154 474 503
808 335 955
435 932 118
387 523 683
182 275 327
799 743 504
98 128 335
630 126 88
525 423 111
449 555 526
605 709 0
461 869 335
416 656 268
534 395 143
217 577 418
897 376 513
401 827 994
88 809 472
176 334 895
639 136 802
165 741 511
517 554 733
205 970 389
825 505 785
968 74 362
738 971 91
604 724 918
598 812 727
422 341 62
669 332 550
471 850 291
982 367 846
67 924 168
457 749 25
594 69 100
956 160 423
47 764 500
965 714 312
45 136 5
107 805 338
9 276 188
652 610 907
498 678 832
19 487 581
44 81 3
496 389 163
920 789 927
420 106 641
84 151 129
90 610 286
780 619 914
320 272 524
227 122 554
411 141 41
345 186 474
348 682 864
863 954 653
790 374 111
783 811 263
264 253 873
550 33 493
464 705 117
340 284 239
247 696 381
640 393 919
115 93 601
331 956 908
336 98 634
447 233 445
710 497 698
936 399 83
429 215 140
546 907 425
137 154 473
518 795 866
437 262 959
391 945 267
299 281 365
285 728 950
731 791 799
781 727 198
865 508 765
5 406 24
782 543 179
255 414 326
473 203 940
784 946 885
51 597 166
768 883 246
718 966 389
517 747 468
67 964 976
832 322 734
209 104 630
388 360 396
66 185 599
358 970 898
243 21 495
761 142 730
359 860 696
749 730 444
217 797 408
546 982 730
632 191 187
614 931 899
10 349 84
962 707 54
860 302 428
707 63 570
790 774 782
486 523 512
282 93 662
43 991 644
125 623 187
312 590 118
211 600 467
648 914 526
702 774 828
482 834 243
404 624 17
187 462 541
51 97 986
713 140 977
357 265 952
544 930 542
14 493 495
833 141 409
359 844 536
187 678 370
430 83 346
448 622 160
341 673 257
327 387 397
656 96 15
608 993 945
503 7 438
998 193 580
759 552 776
295 740 806
17 522 889
363 322 863
524 663 537
781 990 276
531 646 724
546 607 717
843 110 77
633 460 270
213 219 822
341 867 914
148 884 789
389 600 111
253 476 775
142 257 117
418 140 116
142 38 723
212 881 185
641 515 997
911 80 568
85 774 435
352 922 320
141 663 920
604 268 748
379 410 357
849 180 498
965 675 536
688 239 770
225 880 637
222 791 717
790 228 491
578 580 765
898 73 429
170 678 49
918 409 460
275 258 992
125 223 19
14 263 258
784 488 138
421 62 281
490 205 510
982 783 442
99 33 868
880 555 898
930 473 307
742 100 566
734 578 141
754 592 405
364 376 245
503 149 660
784 639 865
646 973 0
441 425 33
309 305 588
559 587 413
866 329 865
784 416 443
926 522 35
683 886 763
280 389 264
940 526 904
157 524 229
157 965 654
190 626 312
130 185 899
895 404 229
761 188 997
204 114 519
592 797 405
355 78 147
620 370 673
876 528 197
457 37 515
464 580 493
776 710 679
675 606 83
256 719 623
253 923 738
772 867 887
530 575 317
677 195 40
702 423 568
899 880 957
766 696 537
260 472 600
291 500 206
726 756 925
349 10 200
439 134 68
679 664 643
348 341 190
388 43 965
308 295 197
266 413 894
803 673 366
403 316 866
961 42 975
238 744 337
791 183 471
859 862 488
854 211 181
396 951 225
713 260 872
910 526 637
156 681 663
875 437 979
93 750 374
68 989 118
405 780 653
229 991 868
717 197 79
898 945 382
475 658 642
699 920 520
337 77 554
0 304 343
331 397 93
705 818 434
175 223 566
829 804 557
697 521 106
128 420 403
510 247 413
505 947 334
377 636 763
931 636 67
274 967 816
368 25 634
802 200 210
721 29 14
278 78 536
737 206 308
492 717 907
906 574 854
240 951 490
355 883 478
422 509 798
238 229 823
225 384 23
435 105 405
449 735 483
985 472 690
645 965 759
553 223 333
759 463 636
602 818 519
80 592 381
878 182 610
53 407 994
77 842 99
834 292 835
317 629 659
359 627 976
470 532 199
155 291 14
792 893 184
663 974 776
44 204 311
655 258 718
1 687 913
101 521 557
288 190 186
299 902 165
628 724 697
827 880 989
194 24 234
378 687 560
155 732 765
818 739 375
536 740 62
449 193 935
6 833 477
545 133 731
710 761 456
760 940 336
101 134 360
335 513 399
896 20 483
661 838 574
388 726 315
802 528 860
737 886 46
566 431 179
298 494 292
106 254 232
794 707 719
506 42 584
905 938 956
741 951 794
315 339 872
982 493 400
843 230 287
889 149 70
420 799 564
64 905 170
648 699 229
367 205 272
303 462 210
259 203 514
405 519 205
278 501 699
30 696 281
317 937 430
740 709 581
656 773 838
179 422 537
408 789 94
680 93 909
243 704 112
757 110 983
962 388 837
13 770 885
295 88 823
77 828 532
659 484 306
497 663 728
387 424 869
833 104 314
742 347 19
207 104 129
542 419 869
379 432 639
265 79 79
440 157 259
972 816 96
630 665 111
358 52 535
580 238 640
894 332 339
913 539 796
394 434 215
615 165 999
255 782 79
686 222 236
946 547 404
394 177 69
505 888 474
393 468 712
385 714 396
724 980 936
520 726 722
87 342 887
439 597 670
518 635 244
106 933 791
510 327 969
931 185 209
757 930 29
821 315 743
218 39 75
154 912 802
228 351 144
115 790 93
137 308 728
382 766 662
173 276 341
494 560 526
703 317 456
732 139 123
828 357 163
903 863 427
705 91 778
201 558 569
294 696 229
23 430 996
37 603 624
378 450 184
905 153 854
713 238 993
837 418 702
352 673 917
779 731 8
909 932 918
830 227 966
412 602 396
408 639 352
384 17 802
921 274 307
775 988 897
120 177 667
174 529 341
91 660 72
451 921 4
721 752 583
688 516 185
436 276 824
788 660 194
942 933 468
602 708 808
499 180 985
519 706 866
860 797 526
932 600 800
288 322 904
872 10 420
57 798 696
234 587 708
428 881 642
248 483 702
57 335 883
394 854 941
261 714 91
139 998 691
939 286 13
843 158 375
615 568 174
311 802 113
20 582 994
662 830 830
364 239 165
599 634 19
541 895 85
632 386 83
675 678 721
41 521 232
416 137 800
942 800 954
407 820 536
402 834 366
232 551 606
749 150 592
768 43 839
205 27 225
640 703 903
713 744 777
945 512 266
97 455 66
51 214 239
587 616 73
306 200 624
264 949 127
856 69 522
695 626 550
272 266 605
176 980 349
305 277 861
571 375 668
637 426 883
876 366 851
302 24 404
278 640 353
757 496 775
280 543 401
182 167 668
787 695 0
488 0 277
701 571 4
722 209 431
957 437 149
808 91 173
212 722 165
918 479 13
693 111 556
94 293 75
114 432 771
114 920 771
744 622 343
748 344 904
531 301 693
32 461 785
557 26 507
722 944 338
735 637 802
643 83 447
719 198 880
842 664 152
613 408 774
308 509 470
212 392 771
906 777 585
43 334 611
902 57 555
592 144 544
394 788 627
842 859 177
74 701 842
226 666 602
1 975 111
823 187 856
947 445 633
532 840 319
143 94 728
50 687 873
946 433 13
573 275 224
751 349 925
945 928 591
547 929 918
11 752 458
867 51 903
852 583 96
171 78 190
900 128 229
125 426 663
138 352 290
362 455 640
639 400 568
230 947 849
501 958 953
959 177 5
214 381 940
310 553 19
853 805 499
82 930 926
97 68 278
388 430 733
380 421 133
300 3 432
149 504 743
454 463 272
811 678 654
752 340 207
123 193 12
622 628 294
900 725 362
178 113 144
263 493 565
748 793 568
533 294 73
276 101 888
548 912 566
202 16 259
761 139 452
125 114 432
419 14 158
133 545 623
277 808 469
194 909 614
763 442 261
188 718 362
76 618 274
995 173 291
254 286 782
58 412 896
491 183 911
1 317 456
976 946 616
797 141 877
412 904 319
673 444 389
387 872 360
661 219 533
304 473 819
87 884 583
335 727 767
246 80 436
54 56 382
23 854 523
900 618 779
572 643 223
961 30 448
321 43 667
206 348 493
378 787 377
961 122 456
80 721 536
516 775 944
899 150 150
422 51 768
554 623 763
129 936 793
577 610 837
597 816 537
90 194 676
819 508 798
275 588 871
163 105 999
107 356 149
258 130 552
378 684 527
142 814 464
287 743 74
124 340 242
13 782 437
689 953 945
840 228 885
711 743 990
710 203 346
212 461 477
764 191 513
292 685 679
108 973 423
182 449 115
424 463 250
213 152 203
510 992 432
396 56 527
738 766 730
437 330 543
266 95 735
779 739 772
459 847 745
234 381 547
701 157 10
951 371 514
155 233 859
939 629 915
466 720 681
197 157 12
740 423 459
827 202 198
952 13 397
49 247 778
596 301 935
958 252 658
473 407 892
332 346 873
247 165 593
280 362 750
644 454 525
103 634 728
653 586 93
402 635 693
180 584 994
468 542 246
126 15 654
370 699 352
596 298 517
541 579 231
644 575 686
169 31 672
897 684 610
343 439 245
36 619 181
30 439 724
276 918 91
282 288 143
987 236 441
856 778 372
88 422 948
126 591 979
798 841 15
408 184 454
5 220 426
187 602 865
263 230 783
354 865 424
497 852 660
939 708 790
311 148 564
611 274 156
590 424 349
606 184 533
412 542 105
838 81 707
704 344 289
839 698 154
263 548 358
276 839 419
66 502 567
631 114 194
139 704 970
488 662 507
373 75 49
478 265 130
537 969 474
826 809 524
333 424 424
691 700 263
110 119 118
30 102 232
224 241 288
194 81 303
701 454 378
102 284 995
232 173 965
58 351 126
935 684 550
359 728 603
975 190 74
93 220 176
677 444 769
965 991 850
268 44 656
998 147 292
994 731 465
311 142 168
437 77 205
339 788 285
294 115 475
368 208 696
544 885 492
313 203 483
515 823 880
171 822 27
815 168 110
632 831 252
801 620 329
358 959 470
643 606 585
118 974 794
166 871 31
659 184 586
494 52 410
374 575 584
753 391 104
864 23 935
116 176 555
446 534 866
916 529 472
853 0 799
647 166 670
31 825 206
969 672 258
379 46 834
315 152 577
419 16 600
706 132 129
261 930 663
480 198 545
952 52 545
751 51 711
773 434 889
980 404 561
590 135 959
776 451 463
353 222 479
306 281 964
435 894 894
450 374 445
995 679 849
540 782 252
604 556 687
493 888 91
406 478 226
717 255 29
181 608 604
12 914 885
976 701 779
223 152 506
20 147 185
869 40 319
121 644 875
808 489 115
251 247 594
830 964 201
211 497 809
815 510 76
52 838 777
184 61 281
42 81 429
579 302 821
898 424 465
126 584 954
241 188 201
835 18 517
36 229 15
198 397 877
626 801 715
755 337 129
37 379 562
818 958 865
639 209 641
104 335 225
410 576 413
963 412 783
832 800 365
199 998 114
76 976 915
144 732 605
625 769 336
187 587 647
52 226 856
693 682 191
271 444 767
684 759 531
468 591 332
185 791 682
299 219 659
566 715 391
171 340 160
508 528 99
155 932 677
363 626 359
554 897 155
321 933 914
205 753 857
537 938 0
571 237 572
582 156 287
973 327 980
485 187 860
584 694 792
613 57 770
972 963 19
479 637 305
393 842 58
603 731 349
603 302 938
175 885 94
815 210 774
795 48 313
655 984 8
799 598 417
922 922 733
293 402 370
598 147 564
657 750 295
358 354 949
296 529 186
391 344 749
517 491 797
830 498 781
190 650 379
960 572 654
693 865 56
415 464 203
979 473 954
274 831 660
223 479 189
762 222 886
511 739 729
308 570 228
441 112 878
173 72 802
827 765 667
883 180 483
438 159 308
392 785 139
404 361 971
594 123 193
832 634 933
561 294 855
141 735 967
19 908 40
173 735 157
841 970 690
676 409 849
985 153 987
476 558 348
447 504 823
641 688 809
926 249 103
781 743 190
748 114 451
140 288 538
298 481 861
988 157 270
189 142 775
528 971 333
876 418 189
51 411 877
860 337 479
315 470 222
858 219 336
309 711 624
199 9 105
60 349 615
682 891 757
458 419 728
143 648 499
333 699 910
210 912 600
41 227 70
263 437 641
952 746 353
576 298 714
34 710 64
649 393 307
758 851 726
839 994 726
690 679 426
600 242 338
200 283 917
623 547 355
264 499 453
617 427 103
684 813 814
100 814 207
407 925 410
485 764 404
212 454 436
990 406 678
680 959 961
949 582 860
304 198 711
110 816 491
213 500 304
27 952 471
234 359 396
644 844 512
401 408 318
189 398 724
867 430 35
180 380 969
393 36 168
104 146 336
947 360 188
604 739 140
75 326 499
471 322 695
983 75 456
653 264 206
377 483 637
765 664 17
734 57 53
902 513 552
238 813 264
426 417 3
918 844 681
417 315 4
465 650 431
921 303 696
479 32 179
116 149 195
485 884 604
891 138 118
443 729 283
59 507 700
414 426 544
96 195 211
452 660 213
883 933 868
931 413 252
463 881 402
658 367 638
263 610 776
733 405 857
16 464 365
68 878 791
964 974 338
527 778 999
740 662 284
960 945 49
564 408 931
318 419 650
956 682 260
85 767 665
942 135 129
659 203 7
802 167 334
141 694 464
492 786 478
776 98 424
826 662 184
109 981 603
759 289 637
19 374 404
684 669 539
165 328 94
524 131 613
210 624 659
675 116 445
153 244 895
577 70 910
762 531 891
717 290 532
355 309 907
111 345 928
3 510 256
97 387 739
63 597 715
722 272 831
520 426 76
415 355 498
325 469 30
568 539 320
101 894 982
360 357 679
288 360 542
896 810 929
988 873 526
703 947 151
887 467 929
963 235 636
813 912 106
843 481 645
516 934 891
850 294 248
529 934 961
71 182 123
0 170 348
879 226 295
30 113 115
311 428 350
947 241 262
405 437 743
50 305 29
293 507 675
894 36 609
855 460 144
978 812 666
678 43 892
973 73 357
88 736 785
438 684 379
53 89 168
796 492 473
178 785 980
853 679 368
815 886 180
959 216 993
625 894 36
870 868 462
579 308 198
365 747 234
96 152 676
264 948 168
89 478 953
421 332 985
141 499 871
322 458 440
667 435 334
703 657 202
517 237 863
68 954 962
654 50 114
330 666 414
498 755 893
804 528 577
141 669 76
364 991 534
804 658 321
139 714 979
693 583 568
556 3 522
518 658 924
984 988 590
399 839 697
292 643 225
869 784 894
945 148 238
831 305 248
504 444 962
483 489 898
51 398 901
925 916 559
201 253 900
791 652 739
840 296 382
417 165 518
312 462 18
902 645 323
150 149 119
465 985 609
363 388 7
264 314 275
176 515 528
76 659 532
815 499 828
549 917 345
419 581 807
437 483 804
113 985 954
584 450 939
545 813 327
904 430 993
180 958 861
60 34 520
593 201 371
773 102 640
119 521 573
278 310 408
83 775 394
389 360 196
328 257 10
7 162 792
1 694 750
862 754 136
734 699 689
457 825 791
98 944 664
23 222 326
432 657 454
178 46 166
374 726 423
736 734 585
528 87 279
630 301 386
118 387 437
807 844 262
950 294 206
966 318 781
645 102 438
99 280 837
265 654 915
688 391 1
274 271 88
905 254 741
291 372 480
729 532 325
343 834 971
550 801 289
683 446 391
473 545 23
310 162 678
226 850 69
227 476 692
668 382 946
761 25 319
242 106 203
919 450 37
890 0 190
180 35 988
923 508 885
947 819 47
977 397 898
398 976 726
90 996 108
37 758 134
708 0 592
263 919 42
652 161 394
843 341 429
183 617 938
69 916 109
468 893 858
366 643 186
93 733 183
553 122 941
39 182 293
632 445 564
26 98 725
421 293 419
850 476 388
140 545 304
601 14 549
459 732 192
646 177 277
829 83 400
122 122 582
767 106 28
331 133 126
56 554 419
475 756 247
863 249 793
519 850 159
420 662 243
612 660 773
890 841 856
290 963 330
224 730 437
252 413 922
730 469 828
501 297 936
749 512 185
894 384 388
53 804 50
648 769 62
421 11 903
629 653 218
960 877 948
749 130 713
671 212 182
851 714 831
787 815 696
325 709 432
713 114 236
115 762 357
177 536 368
80 165 21
298 125 899
598 226 381
311 249 593
845 100 659
29 240 474
77 565 535
509 630 649
745 745 764
103 274 300
471 706 465
493 356 943
744 306 169
125 617 419
70 814 871
82 195 111
908 272 676
444 781 658
445 879 755
209 334 29
509 805 87
975 650 443
918 746 749
439 871 718
858 294 885
730 376 80
841 636 353
870 80 486
528 526 365
636 87 699
665 597 857
105 924 859
548 194 606
650 633 829
720 492 475
605 574 851
38 415 488
743 637 920
229 518 798
947 154 886
998 171 835
855 276 759
67 177 953
25 827 938
854 547 430
330 505 4
533 895 772
373 638 761
646 219 631
796 518 785
682 517 309
869 724 585
980 791 762
933 816 941
224 23 841
654 705 346
11 590 593
135 316 231
248 962 802
880 758 321
665 793 190
326 662 914
912 643 58
26 928 874
968 504 249
161 159 954
507 522 545
452 9 213
35 257 527
837 137 285
510 155 430
700 833 445
967 745 440
25 124 720
899 444 225
149 605 736
455 464 610
352 916 619
565 951 228
92 788 718
730 651 225
512 351 58
309 670 156
749 695 280
822 595 724
399 96 681
135 903 145
97 256 61
68 173 12
296 618 152
366 348 155
591 212 859
650 522 529
806 271 225
438 445 172
514 844 620
195 979 523
340 76 131
401 144 305
765 793 923
269 159 623
425 751 835
636 753 357
165 911 981
390 349 426
914 863 271
534 58 602
58 750 31
189 503 527
846 620 320
121 889 832
744 666 935
580 302 688
289 820 951
270 562 652
697 477 867
320 11 277
922 421 27
953 963 530
833 809 150
505 931 391
337 27 410
272 959 64
312 249 884
615 519 447
267 568 924
134 888 287
411 163 709
438 468 24
320 301 833
822 807 116
214 144 144
976 769 455
40 433 704
925 49 224
724 668 144
0 803 33
639 566 196
700 357 664
724 677 318
910 852 125
26 66 621
522 42 390
978 434 176
34 711 577
610 787 245
755 787 400
140 779 967
688 479 324
704 204 353
22 114 205
147 492 623
769 367 17
511 697 452
39 731 163
616 342 951
214 97 90
614 237 869
581 925 701
257 629 905
611 4 371
168 151 863
792 272 230
809 136 927
613 175 659
777 144 1
80 358 450
522 324 39
744 906 964
445 515 945
702 126 949
73 295 453
936 439 77
519 248 213
446 862 741
457 991 237
810 423 947
612 297 271
651 41 529
967 838 45
913 540 171
214 613 818
19 902 257
97 421 858
662 219 720
755 677 711
992 839 486
291 452 783
563 103 825
92 71 15
137 336 556
661 550 169
831 922 71
89 19 492
947 33 64
19 789 741
82 133 932
568 425 384
351 340 488
528 784 911
544 274 247
452 935 149
621 118 71
45 207 90
889 506 124
953 525 265
46 959 398
979 527 175
363 231 867
203 111 652
114 7 926
713 459 213
863 433 683
934 830 243
377 719 749
853 25 627
470 71 586
220 402 466
396 118 49
615 673 160
267 788 168
545 853 979
110 716 412
794 3 242
37 732 314
138 937 339
117 407 762
56 627 517
522 375 635
571 991 308
83 610 448
603 508 302
583 618 370
347 764 725
942 153 457
608 292 394
299 409 801
61 465 781
930 339 156
565 262 147
226 346 110
674 301 618
328 236 236
51 584 353
776 878 506
234 486 150
980 785 560
782 198 377
563 129 69
71 46 331
219 624 29
681 651 683
299 979 919
887 30 855
240 159 733
747 393 571
897 725 356
809 859 907
539 774 388
608 846 786
291 417 411
673 98 62
356 397 393
627 284 776
483 525 935
568 624 680
140 873 405
848 683 265
107 574 39
495 182 237
634 825 654
45 850 752
459 558 501
852 186 786
628 21 663
915 589 287
595 729 512
1 930 195
618 37 769
9 885 303
247 519 481
901 916 331
6 375 890
507 579 428
645 560 449
308 475 38
947 71 120
460 424 50
7 394 439
129 403 324
784 2 195
265 256 111
597 262 838
839 121 418
267 767 330
716 427 805
106 375 876
226 187 652
628 194 46
68 323 802
744 108 804
940 725 412
403 674 674
242 513 796
12 132 915
342 200 342
499 307 69
376 885 256
380 514 803
779 934 478
581 678 938
737 970 664
150 374 338
176 968 204
324 332 688
239 674 889
934 173 548
3 901 433
612 634 299
415 413 233
893 346 264
184 83 234
848 585 608
538 114 576
94 438 908
783 30 934
24 964 460
924 319 713
709 931 347
9 698 760
594 944 106
858 128 542
445 328 479
53 866 593
982 961 384
242 96 766
529 472 82
989 396 401
54 457 685
402 466 383
514 413 679
973 623 807
867 68 135
346 474 354
292 456 315
676 698 763
442 227 235
524 568 983
277 975 440
314 377 259
50 243 24
729 216 647
537 435 68
24 782 542
378 426 998
45 454 48
160 248 628
747 772 548
730 401 523
523 716 252
134 766 496
158 847 64
157 384 852
225 761 634
767 491 412
117 537 866
518 697 114
146 797 238
46 527 639
570 402 707
174 536 825
22 46 673
87 204 409
939 429 170
925 549 662
689 18 551
555 536 600
669 34 397
259 81 277
898 3 679
958 529 568
783 552 614
456 991 818
218 282 600
388 559 501
402 248 519
953 803 56
906 824 442
303 83 523
580 333 878
260 291 408
180 427 312
794 235 303
965 453 937
917 194 496
418 948 744
937 902 899
345 160 723
788 463 158
663 44 491
894 656 135
654 188 914
966 982 149
621 299 955
558 216 149
54 634 97
150 924 351
49 269 511
124 409 327
282 73 723
125 319 379
612 973 919
526 291 901
28 912 553
983 822 769
484 876 756
933 378 680
285 427 301
148 903 711
827 185 136
550 662 455
281 627 780
200 153 423
454 533 335
7 868 509
776 352 737
532 286 115
212 923 542
866 423 797
577 251 334
65 801 996
520 435 623
652 635 129
75 89 14
762 96 883
271 225 235
8 109 873
475 674 148
369 540 572
166 117 175
500 182 328
496 54 763
472 58 399
953 485 840
319 247 289
202 870 866
790 230 975
15 705 649
164 74 189
88 240 658
263 740 192
591 588 598
707 412 656
458 717 493
298 37 740
939 591 610
805 381 840
781 749 897
782 913 971
324 1 211
982 616 303
527 559 892
477 266 656
486 724 374
979 375 763
720 666 354
682 472 88
875 605 837
772 739 102
744 63 103
307 398 719
611 925 278
855 402 897
863 240 621
237 220 348
352 940 15
59 974 839
147 201 444
336 974 183
438 70 247
893 729 997
964 692 274
594 547 676
491 763 917
465 0 489
813 705 429
180 764 755
19 263 957
463 951 283
999 389 353
598 634 434
595 598 127
869 192 26
897 36 789
166 501 142
655 666 847
436 847 963
544 866 226
501 682 177
784 681 918
489 631 904
923 226 502
402 447 46
429 696 434
218 863 287
712 870 954
559 307 153
874 851 19
100 704 53
629 840 86
899 329 717
803 604 295
657 7 742
56 788 439
490 6 654
778 71 524
84 982 183
237 857 34
608 309 90
662 291 930
100 190 259
818 346 216
465 3 223
560 411 11
999 254 369
5 384 440
529 468 423
713 57 280
99 665 941
190 679 232
120 132 423
732 950 121
948 767 476
523 327 888
886 678 142
255 683 526
48 565 346
471 278 403
103 729 420
396 271 452
629 744 936
404 476 886
525 776 5
1 299 333
241 185 11
735 792 695
613 840 260
959 663 890
714 118 971
487 515 243
291 496 987
227 900 815
465 425 943
470 778 594
803 372 131
167 107 923
862 721 116
474 32 131
364 99 602
687 586 117
930 229 613
269 808 865
436 625 642
379 95 420
325 251 792
456 770 252
732 632 973
848 458 5
331 174 456
933 861 394
50 144 623
15 413 783
232 202 408
874 581 856
647 907 107
439 715 877
43 447 861
16 647 319
374 979 845
830 912 706
225 963 850
200 330 616
984 563 818
392 789 751
248 436 10
707 228 726
936 271 525
149 288 173
820 14 152
665 196 64
372 773 379
574 974 62
542 310 977
360 54 766
464 655 203
826 362 783
904 651 54
430 800 694
955 621 708
107 638 905
523 362 678
903 937 4
317 479 666
294 192 721
412 656 376
967 834 90
750 739 93
805 169 246
499 124 219
208 583 857
465 106 220
495 361 509
852 678 988
518 324 180
591 737 188
319 704 23
762 455 114
855 612 635
101 111 759
672 671 694
530 136 152
102 984 514
611 836 544
599 706 221
132 298 310
672 617 14
47 379 821
161 587 433
796 40 897
907 713 568
953 595 57
106 697 41
620 308 229
516 259 287
737 743 585
47 768 555
414 167 934
587 329 873
373 477 914
270 737 627
190 690 222
247 148 271
640 768 579
221 637 190
509 726 934
446 774 54
1 540 221
288 479 902
161 852 732
75 474 469
54 665 511
628 264 660
899 905 780
830 478 769
21 987 496
307 434 622
361 435 162
582 75 993
837 237 846
569 664 320
390 719 337
253 699 602
913 599 859
46 429 337
815 450 677
311 109 111
933 470 898
447 405 974
441 242 563
639 163 227
311 553 298
649 806 350
603 72 949
462 470 730
799 285 533
476 949 642
939 234 465
190 34 870
516 827 464
79 466 627
658 129 532
309 130 690
659 733 114
608 195 584
690 347 222
223 175 523
866 115 109
331 657 143
553 173 970
369 252 788
348 910 270
880 571 400
922 230 134
37 190 681
973 881 380
547 104 556
422 322 23
532 5 680
675 910 853
998 279 457
138 627 367
408 859 939
161 782 521
647 171 712
680 144 593
61 44 49
617 466 372
640 998 729
672 26 640
525 376 919
982 866 899
701 627 758
992 788 892
514 787 63
578 467 560
171 528 604
220 497 422
944 489 773
674 161 799
666 38 527
937 372 393
836 426 372
947 418 512
839 284 299
255 214 767
815 385 647
771 958 145
193 254 634
966 280 796
117 946 186
996 884 559
742 72 985
114 371 755
627 211 392
278 466 606
397 633 992
45 404 302
190 597 556
176 916 189
324 33 135
511 382 371
70 124 796
407 238 167
162 217 730
554 496 196
161 893 829
505 290 585
159 480 535
67 9 451
256 333 836
744 844 218
115 266 342
263 25 933
431 188 502
161 94 350
710 255 596
891 112 886
477 623 719
12 691 728
815 299 413
651 43 610
222 511 876
916 774 902
849 205 442
704 719 536
54 429 144
650 320 608
889 149 232
608 161 275
336 976 574
101 980 618
711 202 129
940 118 903
194 320 461
636 376 180
524 430 609
668 433 281
629 322 431
861 930 944
136 618 273
62 719 253
680 431 807
161 723 277
65 917 949
878 553 325
58 77 756
19 98 541
300 79 863
731 940 145
676 428 763
301 490 834
554 523 617
361 684 340
990 101 257
940 979 162
265 37 592
373 56 42
914 709 121
129 792 413
274 820 193
389 121 35
576 675 558
193 388 595
886 379 696
495 671 676
10 936 65
602 662 474
644 928 183
117 58 975
530 684 796
723 426 917
110 2 945
669 547 685
264 785 64
312 281 87
340 291 376
406 245 38
880 241 318
415 358 376
390 240 413
538 315 839
456 425 841
401 446 740
86 62 526
503 375 159
942 715 450
318 473 47
708 705 288
27 120 998
755 863 590
168 401 257
7 209 682
200 962 481
941 401 543
819 904 270
978 198 338
780 517 163
827 577 869
467 604 341
817 360 204
407 880 958
664 240 167
698 440 130
531 733 531
75 904 787
697 882 985
387 662 854
551 841 432
420 308 36
761 477 748
318 236 629
276 252 869
443 951 661
925 482 747
456 909 651
595 959 534
581 346 548
787 897 390
219 669 50
608 431 528
356 101 116
337 729 369
558 524 320
220 450 154
967 258 416
970 854 375
504 435 721
53 222 619
795 794 288
197 402 71
725 110 524
842 800 253
563 358 778
883 578 580
389 897 838
157 868 692
532 724 479
606 129 54
577 276 848
217 474 602
641 551 712
165 745 512
771 308 223
901 543 801
481 933 51
319 90 271
364 975 347
843 933 829
897 510 105
745 727 579
699 720 483
764 238 228
276 9 537
851 262 80
5 743 365
56 414 808
679 778 135
378 622 68
207 871 930
665 969 9
244 668 730
79 432 968
308 61 329
197 912 591
629 917 686
995 325 100
155 356 879
642 735 853
710 294 724
640 959 45
649 556 714
731 635 498
699 943 559
380 492 824
971 122 93
657 469 419
110 976 775
989 618 862
194 328 157
270 320 116
316 321 672
382 53 308
880 104 603
792 485 96
616 456 570
709 466 39
480 576 15
608 917 985
470 463 313
979 733 985
96 401 658
120 783 63
780 16 168
384 808 5
832 776 461
402 837 279
793 670 855
160 278 124
145 100 587
810 432 673
147 528 74
805 0 210
869 781 226
389 517 386
394 349 514
207 103 351
487 248 21
694 408 651
819 905 104
758 67 536
431 214 416
858 19 416
68 240 549
646 629 66
384 23 767
898 583 222
249 70 470
623 116 230
626 287 135
730 46 202
618 477 768
34 687 140
803 755 380
352 753 362
771 137 737
538 35 320
761 637 742
583 612 859
814 238 146
301 321 192
856 939 22
624 326 709
764 129 817
497 481 570
859 604 708
948 143 95
269 256 84
363 839 696
222 653 287
369 307 608
913 163 547
287 139 873
349 904 354
166 753 188
88 964 792
148 912 287
244 533 543
328 897 383
25 471 388
312 192 695
272 106 210
171 745 350
397 94 606
751 260 359
939 349 675
84 497 939
371 93 473
915 774 722
650 151 193
38 815 738
86 87 844
648 258 589
998 7 684
956 759 296
667 50 645
342 486 495
282 858 940
107 125 714
181 775 865
726 165 680
464 603 767
660 252 378
250 602 385
286 559 496
934 578 899
932 921 385
427 555 595
367 662 720
434 195 847
299 921 365
980 386 968
99 398 572
829 648 527
567 286 86
63 221 664
962 153 937
700 932 492
295 651 506
16 85 53
215 737 975
580 69 713
549 168 111
473 350 112
0 917 750
438 980 323
455 295 476
392 995 760
237 642 764
95 658 849
149 874 938
476 806 7
541 355 528
652 829 878
116 181 795
219 620 127
542 75 774
371 819 121
131 56 764
895 504 774
97 653 0
35 481 807
395 22 162
923 26 343
801 495 525
948 714 497
427 256 572
202 979 391
323 111 800
87 358 656
862 807 661
214 195 142
21 590 164
536 865 542
879 666 37
756 966 751
605 393 360
177 595 339
921 271 802
73 358 513
729 572 320
390 787 867
884 808 457
400 344 322
942 576 340
332 684 658
435 290 52
795 819 999
487 92 270
289 517 981
802 598 553
475 340 692
342 224 501
152 976 197
826 919 125
519 603 162
177 38 804
229 834 975
229 673 420
851 962 937
832 117 888
386 944 228
78 638 805
931 790 781
481 617 52
958 488 655
120 665 694
924 895 880
900 476 553
320 327 867
609 512 336
497 898 280
78 328 919
235 612 709
16 445 678
421 403 166
428 524 832
474 800 79
354 700 907
259 372 234
479 334 746
815 831 996
96 261 677
15 496 641
76 865 86
107 638 489
625 66 13
809 541 166
888 247 866
147 859 591
382 338 925
480 153 108
829 601 370
506 968 218
147 397 83
233 504 721
74 481 140
440 291 681
606 531 280
824 679 139
415 413 829
692 893 335
801 722 936
523 580 257
741 79 654
177 312 510
898 739 991
38 179 634
71 785 166
352 609 197
843 377 610
25 69 855
360 222 930
648 745 862
905 839 942
559 16 606
69 266 345
413 657 876
47 728 661
213 432 623
762 628 352
724 653 421
932 13 996
214 661 741
76 919 580
370 478 948
977 900 215
674 313 872
551 360 600
564 926 385
539 688 365
891 765 18
665 697 383
661 911 44
754 339 963
335 710 794
283 39 694
850 713 359
722 264 719
675 181 645
60 720 686
777 612 451
795 277 500
178 938 411
574 692 102
890 379 812
36 15 851
82 865 917
441 940 533
160 615 714
158 27 435
844 804 47
647 951 676
147 129 966
910 55 10
12 297 742
177 333 757
28 767 974
297 208 914
831 369 881
545 879 908
980 723 712
379 370 663
55 517 144
373 779 552
384 791 201
126 968 887
235 349 654
561 646 863
476 477 584
357 23 463
618 355 538
682 735 908
698 142 777
194 516 556
746 252 699
300 730 668
187 965 369
841 526 15
56 354 845
640 64 220
455 34 575
993 716 662
253 414 157
382 609 25
290 707 277
990 7 359
10 546 324
379 388 202
746 796 909
591 437 325
163 244 359
91 590 75
753 195 842
262 578 803
287 220 862
916 562 870
275 924 768
951 655 156
506 402 953
415 345 742
740 509 338
99 600 928
526 705 124
368 968 54
171 607 274
34 524 189
256 151 113
376 103 769
533 609 171
838 376 868
932 116 377
622 567 329
551 93 387
27 814 355
433 337 314
707 371 190
896 979 342
10 356 797
131 241 758
302 431 486
170 715 602
900 337 521
581 240 966
968 619 780
675 52 118
342 112 841
532 8 173
226 370 881
23 501 474
133 155 905
619 678 972
573 930 661
446 863 254
413 184 873
193 859 926
663 201 390
505 86 398
678 312 121
911 688 974
385 821 482
642 793 160
614 718 442
275 165 305
529 578 489
755 123 701
33 787 254
423 644 340
173 322 653
294 233 693
621 970 866
103 612 659
615 226 378
57 853 895
362 735 825
204 842 948
905 875 87
159 298 731
852 471 53
857 118 638
550 91 608
416 194 572
428 161 798
158 218 4
53 932 91
878 136 933
178 393 808
266 905 458
997 757 281
403 966 399
41 516 490
2 284 36
574 712 197
725 870 767
81 923 700
172 153 188
457 332 934
265 598 839
75 947 948
356 350 914
756 744 430
598 98 714
987 24 779
184 749 649
304 182 925
356 354 430
544 811 114
478 428 712
669 503 12
617 860 362
531 968 458
961 918 556
28 905 581
159 442 682
160 746 865
437 102 571
868 998 383
982 829 163
47 498 667
59 116 879
773 647 199
232 961 117
140 341 23
721 500 465
756 660 563
621 98 17
192 966 15
927 300 844
91 699 695
110 110 811
341 884 458
540 468 771
657 608 112
32 682 612
849 438 625
412 411 723
429 955 41
797 883 693
993 326 393
688 788 503
499 129 387
310 21 207
81 678 816
546 711 850
510 912 640
135 325 403
858 106 358
251 903 593
945 897 271
338 937 59
841 437 540
581 99 561
788 532 592
956 78 655
158 589 567
798 724 244
201 935 351
912 186 606
505 483 855
777 821 793
188 15 582
729 596 681
642 736 213
234 45 644
241 203 585
809 354 661
53 555 948
756 819 135
363 325 970
218 454 792
11 642 807
593 723 755
626 366 843
840 952 888
836 194 444
421 355 798
434 408 705
383 165 525
870 880 202
840 98 656
632 110 650
791 55 726
898 682 444
94 874 748
982 62 942
426 835 297
576 269 58
282 652 575
159 522 455
361 363 553
369 347 15
19 491 423
97 741 105
541 835 331
290 170 393
584 948 228
234 525 497
644 159 502
219 318 376
674 679 91
579 400 791
947 771 282
370 869 375
827 762 211
510 52 381
903 989 329
483 223 206
332 867 365
834 438 683
563 464 714
654 43 114
445 342 886
79 64 107
455 891 869
666 401 274
399 656 263
80 139 838
639 472 705
4 658 495
40 221 959
106 228 354
221 673 697
459 753 761
566 560 5
787 226 758
61 977 415
676 409 906
514 48 378
571 405 389
66 445 962
377 551 190
732 124 864
781 935 969
894 853 529
899 641 107
658 54 436
73 731 845
979 245 246
710 169 651
451 235 448
413 613 999
956 345 476
172 478 763
141 372 969
22 272 962
129 282 16
917 707 99
762 686 345
8 748 514
11 551 101
459 965 714
811 921 411
287 93 889
402 586 614
371 608 886
333 89 168
702 6 875
801 120 913
498 481 14
12 492 565
466 952 882
532 763 155
296 402 248
537 156 186
151 528 146
37 213 235
557 915 593
784 717 66
50 215 547
64 580 391
981 398 343
864 930 458
371 226 212
620 764 369
158 915 897
305 305 462
540 214 378
486 999 447
552 401 662
451 817 594
842 798 992
538 14 923
996 386 501
209 358 265
930 516 533
179 821 838
641 714 52
19 552 403
466 104 804
481 555 621
75 749 772
420 287 786
695 284 524
196 845 882
462 775 751
995 954 572
185 947 638
237 967 190
993 785 646
797 618 553
419 46 303
543 466 590
329 161 226
854 709 71
88 171 198
839 518 504
764 703 452
402 293 771
593 286 908
591 435 527
145 206 925
448 749 391
38 431 904
617 285 613
40 373 137
239 565 655
95 329 711
899 731 356
22 676 994
931 268 429
810 765 988
735 213 737
478 603 168
382 220 805
347 261 531
484 852 96
492 299 425
555 199 508
263 573 185
257 504 805
38 666 570
26 401 135
116 231 738
636 965 311
794 313 924
325 149 128
773 993 427
198 548 978
58 811 552
243 420 408
400 459 75
322 837 828
457 305 60
548 942 25
859 736 690
135 413 192
263 186 185
690 384 86
21 442 897
573 38 670
333 790 129
408 465 318
589 922 624
649 822 566
26 33 654
69 168 67
261 431 253
446 474 989
884 495 783
782 420 821
804 753 964
285 162 429
603 103 703
227 752 526
145 130 559
151 551 728
218 812 511
823 611 985
812 495 832
596 629 252
769 433 6
85 718 520
514 674 623
218 253 727
96 751 209
655 902 761
735 473 925
247 296 536
584 461 384
417 57 365
669 178 799
27 264 869
899 130 895
874 700 149
953 796 252
163 804 154
276 891 627
201 138 276
90 723 737
826 492 794
191 513 324
342 541 588
564 792 71
459 667 771
960 620 920
212 135 724
367 411 615
346 965 106
622 407 181
711 233 673
505 424 186
182 119 79
122 683 224
193 142 891
965 103 863
237 315 351
961 34 114
928 733 79
34 707 838
215 419 71
240 276 848
779 458 967
210 581 650
434 126 144
677 443 247
893 680 915
244 641 301
358 922 34
790 956 742
628 524 161
700 764 437
900 895 248
219 106 829
869 540 307
13 570 751
613 463 431
528 707 425
181 65 347
216 207 303
310 836 179
471 888 944
260 788 191
508 359 297
689 228 190
997 593 760
748 206 223
531 86 930
956 620 347
303 836 555
607 498 743
786 969 631
82 581 771
274 442 130
923 483 710
113 480 655
873 580 214
96 112 652
378 68 272
78 724 460
985 331 958
728 469 279
711 904 861
834 530 655
316 453 138
26 567 971
33 440 551
247 889 15
900 267 436
172 345 160
633 330 843
591 410 664
871 473 568
84 307 98
739 623 552
877 1 471
848 35 263
752 282 152
119 534 772
555 59 117
715 692 800
910 635 562
575 858 36
143 942 343
594 33 319
498 263 320
969 463 707
232 215 342
737 335 876
509 242 935
978 310 979
778 220 967
693 795 825
729 291 120
424 237 505
743 735 768
416 56 232
475 640 799
817 729 134
46 238 729
333 217 39
665 347 259
632 392 407
809 121 50
929 898 287
435 993 374
203 409 782
787 237 422
587 54 152
73 452 742
802 138 311
841 803 659
453 435 51
212 244 525
262 526 423
549 961 416
923 516 178
705 656 415
479 243 821
983 668 626
78 471 764
389 664 567
48 469 354
452 681 598
329 943 124
752 844 437
520 119 306
50 824 962
465 656 557
639 991 225
265 69 696
29 459 713
948 859 182
302 311 216
900 640 159
377 744 356
166 617 475
472 667 652
786 485 308
343 124 299
569 741 721
617 770 180
682 718 39
217 372 703
433 272 343
944 1 440
300 168 57
776 992 76
780 779 561
88 474 37
739 395 778
460 365 900
640 47 970
32 264 342
735 697 967
430 994 968
870 294 488
279 422 481
708 202 612
269 642 438
659 382 834
437 194 551
690 187 598
660 219 863
3 306 912
970 736 906
938 959 553
779 590 975
260 298 178
224 920 172
14 579 554
848 368 101
399 58 288
350 719 859
565 722 165
829 44 253
736 334 212
641 113 803
616 725 101
146 301 373
319 316 952
225 516 321
326 268 379
966 618 450
177 183 172
694 364 568
948 100 903
512 741 368
315 710 94
769 208 395
142 527 711
447 753 580
120 431 848
499 750 466
950 927 1
474 974 365
395 274 818
298 786 911
666 454 973
112 575 182
860 69 709
923 516 814
503 636 598
351 488 348
169 790 627
170 616 601
888 11 227
58 661 14
969 680 468
295 792 395
477 652 464
538 928 981
353 431 969
951 783 457
651 952 247
630 475 864
584 715 227
811 773 889
825 94 569
645 389 713
40 866 718
505 405 646
838 110 77
807 413 212
265 64 517
864 694 992
80 278 707
308 90 832
197 267 926
118 265 316
831 305 534
549 162 939
195 352 401
625 160 814
837 777 878
354 641 925
698 722 555
757 30 997
589 579 617
868 697 882
184 880 539
70 430 702
10 977 54
411 602 566
578 440 695
808 146 337
733 845 411
641 602 793
990 544 724
607 412 421
841 948 301
381 18 83
435 28 61
841 792 663
760 370 455
455 178 602
792 264 799
555 257 401
700 247 297
424 207 709
845 400 657
499 781 676
934 568 56
995 410 200
11 522 570
818 977 101
772 770 717
571 677 974
325 378 573
622 802 132
332 0 533
341 851 666
17 785 587
426 781 349
626 144 871
549 962 848
2 735 970
719 658 648
45 983 378
970 606 180
455 290 532
340 983 383
358 353 169
945 779 302
646 757 446
517 658 760
718 660 847
688 731 506
688 128 489
66 99 447
599 554 89
131 894 73
515 252 778
36 550 557
690 196 666
136 66 325
248 784 985
96 472 69
602 161 197
443 579 296
243 178 202
332 310 448
757 177 53
535 213 603
444 903 151
111 391 217
788 991 1
125 87 826
194 41 339
392 837 918
40 432 97
243 116 759
43 874 936
96 761 501
51 558 756
203 21 147
420 809 490
774 934 578
600 129 971
939 873 160
857 913 592
306 508 709
65 552 935
353 0 48
854 52 606
610 255 627
109 27 788
600 801 75
530 401 556
853 692 429
14 902 694
958 208 555
667 626 107
954 979 459
3 834 511
961 796 118
589 906 146
729 506 299
804 388 701
360 241 745
141 607 647
836 566 856
391 585 834
850 540 813
309 543 999
173 504 796
291 445 702
789 527 560
89 683 948
142 44 541
887 537 149
535 373 715
743 116 652
577 318 192
742 980 87
742 153 944
538 796 741
592 586 268
152 27 952
452 169 348
993 408 885
494 943 611
209 38 727
214 967 398
406 710 378
846 452 531
790 342 679
883 934 617
504 86 644
808 890 165
156 883 574
393 378 869
4 939 908
84 153 227
482 912 937
860 758 741
743 900 83
774 135 17
392 639 455
388 447 345
906 955 581
480 349 311
701 705 250
961 789 756
189 623 668
478 483 778
220 578 30
655 353 165
25 97 157
832 837 604
178 95 560
111 575 261
422 629 966
24 590 756
780 131 379
800 610 215
930 182 145
960 189 850
478 214 299
635 47 137
591 577 584
503 40 160
764 462 141
731 486 731
839 619 215
570 419 825
785 350 359
283 662 548
133 140 763
785 127 162
274 719 91
858 574 131
370 339 945
511 70 431
595 909 50
810 479 822
635 617 172
994 900 834
894 385 327
657 170 806
171 444 877
614 303 452
745 673 791
690 537 213
474 132 474
876 942 305
698 929 922
222 923 174
409 817 912
736 827 434
542 350 231
772 965 886
224 62 559
15 105 448
228 931 580
54 807 522
359 858 451
634 80 726
160 489 896
72 577 75
507 472 425
90 244 742
976 468 157
887 835 614
336 415 545
916 469 704
791 828 562
594 462 995
321 623 484
217 47 414
644 906 886
421 996 130
164 972 950
673 212 785
287 548 552
184 816 21
888 607 201
803 202 16
798 875 991
634 444 38
48 88 297
934 509 645
416 25 618
366 698 182
503 337 730
55 521 546
428 762 506
630 565 708
646 715 583
989 349 379
27 398 467
676 684 976
322 101 2
292 819 52
474 675 742
204 82 263
102 511 377
608 493 294
316 491 9
251 480 711
630 507 109
449 536 793
426 858 246
23
896 692 90
608 603 86
576 975 138
487 566 544
233 15 283
110 128 200
319 549 24
862 928 495
317 835 984
429 138 764
304 386 809
746 994 412
833 922 388
323 761 306
867 994 321
150 104 802
351 776 351
727 990 631
222 307 466
558 737 956
674 41 342
483 140 688
248 973 611
988 648 724
294 515 719
968 17 175
122 720 303
473 447 294
456 21 601
274 931 690
230 606 84
572 441 224
260 689 549
223 29 197
948 324 64
19 644 81
546 766 154
202 591 953
848 399 975
449 673 258
492 255 864
576 179 658
800 791 347
349 15 377
898 315 53
962 686 697
43 584 815
549 786 406
503 634 805
830 436 830
88 928 85
305 504 264
963 656 55
662 357 422
391 255 89
444 217 775
493 612 712
308 162 498
66 17 485
871 199 273
701 287 201
786 592 57
402 907 65
458 570 422
232 961 29
322 758 598
449 251 210
161 912 724
12 978 93
849 202 292
122 903 932
675 42 524
732 796 784
149 606 354
923 839 667
952 513 425
550 962 29
112 476 941
189 840 271
282 689 473
575 163 729
507 838 123
383 922 919
519 71 526
873 994 365
541 298 230
318 200 192
347 312 20
640 501 860
264 136 549
89 63 712
170 922 902
293 657 824
213 177 247
91 402 241
808 295 891
38 614 91
230 313 404
251 306 257
463 570 745
13 11 808
77 182 730
980 475 388
156 40 917
404 131 319
997 939 615
889 977 229
980 560 894
736 163 200
346 626 770
91 991 782
900 421 316
982 753 791
722 909 832
639 313 315
959 663 255
926 552 584
507 884 496
401 621 659
602 967 638
724 410 981
858 310 402
174 645 155
318 367 417
150 7 82
817 318 745
424 596 649
9 103 534
857 504 507
517 106 826
507 183 236
488 41 899
243 568 544
750 886 911
167 388 270
602 205 940
347 982 536
997 991 639
883 848 144
390 717 602
568 576 137
804 65 179
703 308 99
247 58 985
511 578 725
781 180 282
74 527 264
610 876 607
602 111 808
98 853 525
700 421 102
838 226 519
369 281 827
468 529 237
805 392 815
530 525 995
164 599 875
429 562 103
36 164 215
844 262 68
722 314 490
176 152 68
695 873 349
874 693 230
111 498 622
279 380 148
274 545 99
501 326 661
605 362 177
820 207 439
888 281 106
730 457 258
798 152 484
148 378 177
378 489 28
353 120 760
853 395 305
952 896 983
614 853 346
143 673 905
583 914 186
689 644 995
299 795 499
135 295 877
313 25 718
693 378 839
453 231 234
111 184 482
94 150 336
440 293 361
697 228 275
235 269 272
230 569 67
729 56 362
606 369 387
325 414 118
164 868 349
750 331 885
584 425 35
920 218 681
634 267 909
909 503 179
181 733 100
600 815 156
962 421 878
702 98 644
820 614 512
169 364 195
55 301 621
442 221 191
123 207 458
385 117 313
916 650 47
16 251 862
524 565 635
754 267 86
399 87 700
263 609 417
459 16 718
432 810 291
975 286 499
433 671 968
747 587 618
146 955 869
360 831 787
347 586 54
433 337 494
486 600 455
903 411 471
621 843 281
264 818 919
763 604 590
731 703 529
702 849 836
923 561 20
710 908 958
117 342 295
611 828 247
66 83 659
889 56 854
522 320 673
442 84 629
384 167 332
914 869 533
102 793 94
122 855 2
80 972 696
727 935 876
975 1 959
634 242 15
840 765 688
865 559 124
494 943 291
178 209 513
711 312 658
805 786 513
160 867 838
208 594 773
85 921 127
396 907 369
764 748 486
452 613 45
576 460 989
219 638 198
732 702 862
742 507 649
608 19 868
446 228 814
219 665 736
346 413 643
68 177 743
554 981 709
600 909 169
941 129 159
139 213 861
354 956 369
3 916 740
871 362 320
685 581 985
773 280 399
417 700 928
512 254 262
221 206 171
742 147 652
902 639 218
763 993 526
132 348 442
225 219 804
545 256 737
883 30 369
634 799 69
562 663 676
176 885 882
348 627 382
352 529 373
570 293 718
96 777 66
538 354 637
342 900 245
432 783 275
801 417 426
223 331 90
899 508 327
781 208 954
163 560 836
888 483 481
606 579 610
672 118 965
661 812 217
907 596 0
534 398 769
961 621 452
403 520 312
730 653 872
36 169 433
224 57 916
705 664 847
668 688 317
633 350 130
850 609 78
202 143 476
323 104 449
127 507 321
792 589 327
664 626 496
449 850 905
717 908 921
565 576 610
882 561 312
364 763 921
443 965 64
271 640 521
73 767 380
746 559 322
73 576 948
921 25 150
827 743 410
748 308 338
710 542 899
374 259 662
295 54 979
712 325 619
585 750 739
317 497 650
639 922 226
939 196 252
442 23 995
852 123 655
543 186 549
442 560 808
457 208 862
788 920 540
408 857 642
499 174 491
149 814 414
376 753 610
980 547 985
327 400 460
334 943 646
883 737 559
44 546 767
258 335 39
150 95 896
793 594 70
284 743 236
50 471 342
12 451 889
349 130 641
810 464 936
808 700 26
367 96 572
486 354 907
525 857 354
773 2 948
844 638 44
432 689 867
774 53 671
664 403 801
657 213 266
594 373 318
620 93 414
544 579 768
804 457 977
158 230 979
459 426 618
503 859 659
370 633 712
393 649 467
195 307 32
813 253 406
131 873 499
545 769 430
665 573 887
643 732 118
974 191 544
944 46 403
955 768 389
20 162 390
487 709 697
520 522 302
926 653 175
777 550 297
207 215 870
447 210 954
917 537 145
813 481 543
569 437 312
958 809 826
348 296 535
398 816 57
700 94 62
228 223 612
525 783 827
747 582 390
702 499 927
199 312 760
743 881 549
55 191 358
233 540 655
768 290 823
825 342 270
887 570 845
851 447 628
30 195 562
420 897 61
699 96 726
460 191 607
9 598 799
720 831 691
375 599 333
550 776 675
172 15 598
18 866 45
998 897 592
561 669 841
974 721 290
700 181 481
308 542 80
459 614 263
502 989 215
835 892 991
862 64 359
460 434 225
858 433 474
450 346 496
644 320 217
934 21 750
767 681 644
199 492 259
463 994 600
678 181 492
21 395 909
380 856 343
606 66 128
432 516 474
928 512 795
497 446 816
247 214 849
892 413 341
151 228 687
103 906 220
596 928 615
505 660 823
200 618 889
329 51 758
803 331 270
598 829 717
766 428 283
967 672 48
308 175 277
347 279 535
567 875 815
183 732 476
358 932 94
248 261 145
6 417 829
628 367 10
697 486 438
980 453 463
381 114 638
10 461 917
545 29 144
361 564 228
837 274 161
931 522 774
429 880 191
258 509 911
620 558 397
58 891 850
521 272 964
512 282 426
429 827 807
926 540 723
154 729 997
667 661 872
442 442 752
985 52 613
896 672 172
645 82 63
496 604 687
460 468 969
238 897 148
397 175 41
472 330 770
470 349 783
342 143 225
446 129 629
412 377 301
936 23 384
999 871 340
38 683 808
359 274 57
507 671 233
900 144 915
671 966 264
806 660 408
32 458 889
13 870 266
315 806 641
699 157 864
39 195 548
847 554 822
904 414 845
489 314 341
404 337 307
669 144 967
429 528 778
318 541 648
936 208 807
578 907 964
442 298 512
342 497 66
164 754 832
362 243 147
703 0 836
11 669 332
330 98 212
108 416 754
109 352 962
916 282 222
232 77 872
744 419 370
163 936 124
995 298 719
494 353 719
331 364 740
15 47 838
228 507 606
334 968 311
648 236 945
870 821 22
743 565 794
465 80 82
941 76 732
660 922 85
732 605 802
472 621 201
663 849 708
269 535 29
932 183 265
878 54 438
252 149 4
398 966 436
480 907 864
212 567 787
650 299 744
452 772 365
653 787 566
713 56 101
742 341 637
360 571 691
798 823 192
154 574 158
591 54 65
455 619 984
594 269 636
339 73 760
56 726 547
975 439 955
428 534 296
65 246 219
108 44 395
300 551 969
810 494 375
227 301 346
212 896 615
200 587 688
960 643 766
859 970 206
814 399 92
463 464 338
682 573 734
429 225 285
398 36 779
774 263 81
120 827 329
88 379 916
128 339 911
895 550 882
453 717 633
897 180 449
235 214 374
969 644 600
607 394 988
386 168 603
819 641 783
148 81 162
416 209 854
328 456 404
562 261 121
195 158 653
996 745 220
371 67 864
323 674 258
663 412 779
266 232 772
401 380 205
564 797 766
418 477 575
174 391 836
296 938 995
301 934 92
521 305 159
737 980 833
348 643 246
127 262 830
251 663 562
808 227 711
574 997 540
149 524 931
986 172 869
333 473 804
425 995 461
937 732 442
770 80 85
368 559 347
550 162 11
465 970 590
176 545 940
717 46 464
648 384 636
518 717 109
674 495 456
135 784 541
577 906 973
15 627 533
714 177 47
77 642 370
20 171 915
960 888 313
776 888 698
412 758 767
873 432 614
682 568 398
223 497 305
196 864 932
81 579 109
481 656 104
851 28 275
118 988 515
431 764 403
129 528 162
249 402 594
863 436 514
262 659 364
567 207 228
851 289 159
312 770 168
416 973 196
43 91 185
558 522 301
314 4 830
476 253 584
422 116 20
289 730 31
653 297 238
881 148 879
393 813 1
561 229 974
757 625 65
294 183 940
596 497 944
778 325 197
714 100 665
86 389 396
117 42 45
707 275 546
587 668 359
940 229 588
267 339 213
684 633 749
624 229 598
568 359 924
117 73 376
135 159 765
531 628 807
576 336 434
474 275 103
833 567 684
774 834 23
339 519 657
88 143 238
39 64 950
315 533 23
691 668 535
456 551 163
615 480 851
49 954 126
504 788 694
541 914 528
564 253 399
573 694 543
164 733 959
114 48 492
489 91 513
376 547 416
540 162 896
391 563 203
870 420 343
916 961 257
444 877 510
196 803 556
739 967 289
50 433 689
894 274 780
407 651 679
824 543 193
72 286 109
275 508 529
618 424 490
227 869 367
738 65 170
646 156 489
936 558 274
977 452 901
110 212 552
141 36 447
335 460 85
444 88 594
325 706 18
815 286 239
534 376 656
57 22 812
898 310 370
525 288 175
426 750 387
330 891 775
777 226 235
214 22 323
808 699 382
827 866 668
66 401 44
723 810 66
887 60 377
610 585 17
785 363 767
524 693 10
299 822 237
534 37 611
210 845 311
944 24 177
612 91 930
8 166 92
426 53 505
155 15 90
172 152 806
291 676 499
302 975 674
891 862 711
854 424 908
517 368 933
47 980 376
977 340 542
422 766 947
927 922 963
369 446 115
175 90 144
27 392 119
701 635 333
412 489 757
672 7 125
605 54 457
981 383 797
523 805 916
823 84 190
138 806 636
253 981 726
749 8 470
869 61 105
202 473 947
960 146 954
85 103 360
895 85 743
692 960 901
608 135 337
798 273 143
787 879 477
865 628 837
688 497 899
145 52 724
92 12 222
398 449 326
758 344 763
502 389 75
755 349 211
92 500 484
588 639 363
65 504 992
902 544 841
801 690 893
526 782 257
748 181 59
74 939 755
189 793 144
265 900 846
476 993 346
960 581 985
676 646 841
20 900 386
861 702 76
107 228 858
364 328 391
775 755 683
531 944 476
27 209 377
873 37 722
219 350 655
556 378 301
398 398 201
784 259 255
212 366 835
422 83 164
814 858 271
497 741 215
325 769 777
54 994 166
776 566 516
431 122 894
84 872 644
638 8 904
893 220 622
81 995 57
597 809 916
868 658 9
435 335 130
564 390 125
731 518 43
599 302 165
846 386 390
490 376 750
746 622 971
369 703 318
426 300 479
694 168 137
56 955 824
186 520 214
311 251 85
354 202 387
872 48 125
614 891 502
364 637 124
687 358 179
5 137 479
484 831 999
973 887 954
798 426 826
364 737 77
449 444 632
836 668 680
962 282 923
816 998 561
940 686 271
471 43 408
302 528 240
653 853 479
959 651 905
786 16 995
215 465 791
847 654 811
880 968 445
803 784 443
716 76 129
988 547 525
396 849 53
988 502 258
820 461 910
77 599 278
424 815 95
215 14 749
26 894 717
471 50 501
